RTT: 0.008560000000000123
RTT: 0.0043519999999999115
RTT: 0.0043519999999999115

Average RTT: 0.005754666666666648
