RTT: 0.008560000000000123
RTT: 0.008712000000000053
RTT: 0.008830999999999811

Average RTT: 0.008700999999999995
