RTT: 0.004205999999999932
RTT: 0.004205999999999932
RTT: 0.004205999999999932

Average RTT: 0.004205999999999932
