RTT: 0.008560000000000123
RTT: 0.013246000000000091
RTT: 0.013222999999999985

Average RTT: 0.0116763333333334
